002663
002411
002729
002683
600200
002673
300014
000885
603116
000031
002412
002661
002920
002632
300279
601518
300166
600733
900919
002283
002449
600266
601088
600267
000900
601336
600985
601669
000049
600098
000717
600201
600805
600179
300493
002481
600817
601618
002263
601339
002511
002341
002773
603616
600819
002160
000761
603099
300247
600064
600377
600216
000839
601012
300135
600695
002360
300207
000586
000727
300496
002494
600634
603536
002183
002636
002955
603869
600963
002587
600057
300050
600866
002490
000023
900939
000155
603368
600175
600173
000826
300179
300661
603038
300635
002172
600428
600370
600084
300247
300569
300251
600867
002667
300364
603383
300252
600569
600226
600647
001979
300443
300769
600653
603027
300435
002578
002106
002880
603662
000803
000516
688058
600337
002368
600395
002293
600265
002259
603920
300800
600529
000721
600731
002122
601369
601186
603882
000751
000737
900902
000707
600543
300559
601865
600170
600129
603979
300173
000521
002699
002097
002658
603579
603977
601866
300781
002653
000565
603188
603867
002006
002807
603355
603321
603387
002451
300193
000078
300469
002659
002386
002281
002567
300219
300758
002254
002626
600622
300292
300649
300382
600831
600073
002238
600690
002381
600289
601888
600790
600065
002706
002571
600356
600125
000859
002107
601108
000562
300018
600006
300073
002228
200596
000729
600240
000920
601577
002285
600388
300221
600982
300648
600015
300741
002878
600649
000514
600368
603499
600016
600765
300536
002930
300489
300420
300765
002159
603927
600284
601077
002839
300333
300583
300726
002392
603822
300699
000996
002652
600151
300034
000959
002346
600727
300578
603429
600193
002255
002186
002751
600393
300147
600521
603700
300591
600562
300232
603337
603983
300470
000922
002646
600978
300698
002635
600803
002536
603712
600652
002812
300772
300462
002247
002262
002517
300797
600357
000733
002523
688088
000523
603878
000540
300688
603733
688029
900937
601818
300176
300463
000762
688138
002168
300300
300594
002539
300308
600260
900914
300318
000786
002715
601512
600743
600842
603727
600635
600462
300802
000860
002061
002103
002296
002651
002375
002590
300639
300203
000009
603617
601179
601126
000099
300123
000409
300237
002625
603995
600636
600883
600671
300710
000689
002536
600372
600801
200030
002624
600277
603667
002143
600166
002118
603685
002603
002197
300168
300311
600845
603650
603810
688015
600718
601933
300105
002453
601689
300103
300089
002396
000672
000970
900936
600683
603818
002220
600679
000611
000554
002182
600794
600373
300236
600288
300254
002139
000418
688366
300464
002671
300644
300159
000752
200706
002907
600859
002062
300430
600844
000791
300282
000657
603533
002856
603958
002701
603078
603299
000488
002890
300355
000636
603192
603856
002524
002319
002614
601929
603725
603929
603336
600425
002266
000507
002142
600189
300803
603161
002686
600268
600880
002798
603239
300122
600598
000002
002414
600779
600028
600295
002394
300111
000760
300598
600584
200026
300172
600652
600969
002558
300542
603369
300416
603922
002188
000679
000503
300603
601515
002551
002847
000673
600702
002643
300767
300538
002569
300719
002910
603367
002102
600493
002606
002623
600470
603327
300687
000606
300305
002759
002324
002435
300545
300413
002359
603868
603200
002520
002748
600869
000993
000868
002005
002708
300140
002016
603970
000882
600319
300458
603612
002101
600848
200019
002291
002522
000501
603960
002940
000816
000159
600898
603108
601857
000928
002021
000633
600298
600229
600479
601139
000861
000950
603678
002131
603166
000069
603396
000417
000566
600114
000949
601965
002700
300445
600570
600491
600280
600846
603607
300702
002218
002162
002057
600594
002249
000697
603060
300343
300054
002741
300415
000807
300409
300558
002867
002503
000026
002298
600433
600276
300414
002265
002043
300703
002459
300746
600729
002152
002598
603609
300079
600802
002531
300287
000100
600975
002124
300584
600855
000932
002027
600771
600485
600063
600010
000832
002949
002873
600365
300233
002335
900946
300675
002714
900927
300373
000056
300128
600717
900918
000533
002789
300290
300482
002389
002923
200020
000403
000576
600319
300684
603110
300389
000661
002227
603698
002369
002417
600153
300005
603869
300540
600897
000921
002380
300796
002556
600576
300388
000997
603813
600593
000018
002750
603518
300165
600862
600808
002250
000578
300242
603007
002379
600608
002756
000039
600285
600754
002692
601098
002475
002881
300622
603848
002298
300424
002130
600398
000677
300547
688188
600856
603227
603259
601002
300395
600792
603059
600396
002502
000423
002090
300693
603005
300739
002042
002797
002334
002762
002080
600439
300712
600019
603335
688007
603333
300208
000825
300451
000969
000408
600247
600763
002927
603101
000881
600378
002793
000719
000892
300223
600708
300736
603601
300225
002605
000587
600674
300597
600185
600321
300160
603089
300329
300512
002540
002430
603809
603042
002087
002945
300550
300465
603819
002030
601236
002761
002918
002755
300274
600101
002323
300553
300077
601086
002952
600753
601677
688111
900955
300483
600621
603500
300510
200539
600793
603916
002269
600458
600933
000619
002549
600670
002025
002613
200771
002599
603711
601318
603687
000793
002810
002502
600827
002820
002094
600857
300497
600326
600761
600162
300344
003816
601218
002233
600675
000893
002169
300051
002176
002385
000656
000525
600726
000750
002735
002596
002577
002397
002717
601116
300548
600531
300513
603016
000050
603917
000033
600212
601877
601698
300201
002602
000862
600399
000547
600145
600250
002026
603069
300235
300740
002313
300610
600392
300576
600549
600248
300281
002458
603218
600699
000613
601958
603722
600595
600425
002068
000690
600668
603289
300276
000819
600112
300785
600877
000667
603199
600111
601015
002121
603966
603801
600580
300265
600227
002213
600408
200512
600528
601019
300403
300209
002736
600532
600462
002516
002400
600694
600769
600610
300006
603159
688268
603390
300330
688108
600579
300384
300066
600890
300271
600781
002082
002534
002932
002483
000422
688011
000592
601777
300378
002817
002195
600797
300798
600550
300434
600308
600607
603363
002688
002572
002450
603300
600629
601005
300094
000982
300029
300618
000723
300001
600132
688118
002138
000585
002372
300756
600784
300243
600256
000003
600351
300178
603829
600292
000608
300366
600677
002495
688016
002422
600722
300505
000836
688357
002665
002325
600097
300521
000607
002024
300357
600403
300658
300677
002202
603351
002252
600667
000757
601658
000883
603926
002875
601330
000522
300284
603003
600282
002376
600813
600768
601919
300231
300204
300370
300315
000598
200553
002284
603109
300742
002135
600638
002303
000837
300565
600074
002456
900911
002763
000544
000921
603389
600828
600155
603035
000401
300697
600275
600535
600102
000995
601388
000702
300033
600332
600981
002398
601988
300706
000687
688139
002608
300112
000526
600367
002474
002721
002398
600703
603767
600509
600583
600817
001872
601009
002294
300762
601899
603895
002455
603988
000591
600711
300657
300588
600067
603897
600273
600448
600313
300499
002404
002374
603861
000738
300008
002564
002264
603138
300745
000631
002280
601299
002555
300143
300681
000015
300399
002190
688068
002415
300314
200550
300348
002055
002798
600864
603577
002901
002204
603181
600958
002028
002828
000930
000820
002279
603222
300410
300028
600578
300680
000603
600117
300039
300447
600841
300107
300537
600127
300200
300777
002151
002099
601162
300611
002644
002019
603507
600611
600573
300138
600809
300083
600539
002936
600821
300776
300801
300473
002171
002323
300620
603198
300717
601633
603666
300280
600391
000567
002969
603238
600242
300695
300338
600197
600606
300434
000005
200012
600086
601390
300527
603538
600112
600540
603826
600156
002133
300309
300654
300787
603399
600552
300670
600228
002456
300102
601058
600031
002100
002966
603880
002568
603323
002145
600854
002537
200530
600107
300582
002496
002001
603615
002407
002842
300641
603937
002339
300026
601117
300421
600851
000718
600023
300562
002654
000713
002290
603025
300676
300212
600180
002870
601990
300103
600871
600017
000719
600249
300669
002282
600973
002633
002967
603165
002200
002792
603317
300162
601311
300571
300778
002831
600637
300729
000995
601226
601008
603611
603976
603713
000034
601601
300682
600198
600452
600486
300244
601168
300327
603877
000976
601398
000622
002774
000880
300507
000917
300108
600665
300711
300555
600119
600338
603157
603701
300272
300087
002282
300127
300572
002731
000560
300038
002072
600421
603996
002071
002679
002247
000787
300379
002403
002234
600553
688168
600527
603002
300145
002916
603603
600756
600960
000638
300372
000818
002547
300471
600218
300057
002963
300106
002968
000553
200055
300476
688028
002327
002559
002497
000988
603357
600990
600139
300780
603817
603320
002569
600119
603811
600547
600317
002191
002819
000670
603912
600103
603866
002353
002163
300387
603901
600105
900925
002884
002823
002012
300723
000801
002018
603939
002482
002580
600853
300132
002273
300522
002767
000623
300518
000421
603486
603379
200468
300668
601788
300374
603858
300451
900952
000783
600822
002501
300615
002943
600387
200521
600499
600036
603677
600730
002002
002670
600747
000035
600865
900904
300124
002050
002939
603738
300750
002694
600691
900943
688166
300022
000010
600432
600183
600698
600289
603358
603385
300652
601878
002009
002046
600488
600993
300037
600269
600896
002448
002356
002718
600219
600625
900910
002150
600824
600568
600879
600137
600335
000697
600685
600501
900934
603583
600055
600483
000559
300027
300467
603506
600239
600961
002399
002957
002871
600517
300030
200160
002519
002513
603105
000061
600715
900945
200570
002711
603306
603169
600069
002473
300782
300720
300448
002134
603178
300608
002288
600059
600642
600530
200488
002648
601010
002037
000063
002493
002846
002705
300500
002155
000425
002086
600001
002211
600757
002584
600092
600104
600575
600666
300264
002753
300331
000593
000700
002127
002725
002260
601828
601566
600259
600980
000058
000639
002207
900953
300689
002902
600582
600860
600688
002851
600565
300078
000688
601989
600721
002237
000863
600806
002905
300623
600616
002507
000030
000910
600787
002463
900928
600997
600844
002079
300149
300068
002015
603416
200029
601600
002013
000692
300307
601811
600075
600234
300074
000722
600648
600664
601158
600702
300429
000906
600193
300612
600960
002119
603638
300556
002611
300119
002125
600515
000411
002664
002388
600977
002656
300528
300097
002137
300459
300805
002039
300081
300709
002560
601666
300182
603721
002863
600725
600345
600050
601900
300336
002435
300190
002909
600587
300184
603860
300167
300222
601066
603299
002571
601288
688005
600795
002883
600146
300375
601021
002276
000725
000601
000602
600004
002642
300211
600136
300527
603555
603589
600985
603489
002290
002722
300436
600682
300171
300472
600178
600426
601699
002258
002084
600005
000916
002166
002425
603309
603657
000617
600203
601718
600623
300075
601968
000333
603859
200625
300568
600311
600421
603777
688036
300535
002609
002431
600022
000987
200152
300621
002546
002089
002248
002830
600556
600781
300433
600002
002452
603366
900932
300136
603683
000852
000596
002660
002223
002574
300263
603690
002049
002822
603779
000805
603006
000789
601099
603797
603773
002833
600225
002666
600328
300600
603757
601898
603026
600130
002426
900923
603214
300070
300624
002224
002650
300199
300055
002031
002504
002801
300288
300148
600033
000929
600988
601018
300763
002220
000046
600176
601375
600228
300238
002081
688181
002950
300175
600791
600422
002406
002724
600870
300579
300478
600893
600751
600984
603093
603626
600526
002141
603111
002682
000557
603030
002333
300417
002485
600789
002058
002173
002573
002053
603008
300501
688128
300065
000793
300347
300747
002240
601558
002821
300321
300411
600777
900924
601228
600213
002389
300667
002221
300093
000812
002668
000534
002514
002885
601231
002886
603127
300156
300110
300748
200045
600444
300596
603816
300725
002929
000963
002267
603718
688008
603380
600230
688098
600012
600526
002771
300753
300053
002597
603496
603569
603716
000705
600830
603697
601992
603855
600371
002659
600895
000875
300716
002888
002515
600836
000918
002491
601118
002259
000748
002953
000526
600926
300484
600179
600423
600833
300069
600076
300509
002962
601798
600716
600847
300131
002775
002378
000728
300589
002521
002581
300041
600852
600891
000703
600643
603365
002843
300091
002911
603676
002908
600126
002928
300425
601789
600315
601997
000628
300129
002825
002915
603599
600290
000583
600678
002108
002277
601985
600321
002470
002621
600399
600150
300063
000043
000510
002783
600008
300759
600376
600354
002447
601800
002740
300733
002102
002730
600327
603655
002681
000948
600339
000008
600739
002941
002084
002175
002849
603909
002591
603717
300674
002239
603226
000887
600246
600503
300631
300809
300210
000301
002409
603680
300353
600227
601333
000025
600060
002243
603630
002348
688003
600109
002899
300189
600738
002457
600733
002662
600881
002301
600281
600546
002696
002423
600536
300194
300010
601360
002946
600755
688321
002575
600420
601918
300560
300257
300183
002371
002078
603886
000570
002320
300195
002047
603019
002154
300678
300671
300154
601155
002675
002175
600970
000613
000802
000755
300640
600597
000548
000800
002111
002462
000663
603969
002586
300771
603693
002484
603788
200581
603260
000402
000668
600886
601727
300651
601519
688037
000915
002588
000527
603378
002528
002148
600096
300466
002157
000090
002210
000409
600305
300775
300692
300490
002605
601058
600657
000957
000606
600026
603737
603168
600696
000736
600030
002566
300431
002408
300044
300334
300617
300634
601606
600306
300613
002433
300049
002612
600636
002541
002370
600459
603217
300187
000404
002410
000776
002563
900920
300337
000962
603978
600899
600419
000688
002895
000911
600861
600106
300413
600719
600741
002464
603730
000912
300019
000759
300807
002274
900916
603268
603330
002786
000682
002358
300495
002548
300779
002769
002180
000835
603686
600243
603283
600655
002529
603888
002199
300713
600788
600800
300259
603517
600710
002716
603010
000710
002850
600626
002115
600971
000930
002201
000429
300650
600262
603557
300656
603018
600660
002532
600223
002256
002054
002896
600612
600167
600687
002436
603300
900921
600588
300266
600650
600502
000767
000609
600538
688020
603828
600882
300025
300546
000539
600225
600770
300683
600778
002007
600058
603313
600141
603225
600209
000937
300230
601890
600089
300306
300120
300146
603876
002387
603568
600693
600210
002091
002855
603585
300291
603726
300811
000889
600746
002788
300085
603129
600258
300192
002206
002490
002716
601313
000096
600654
603928
002505
002164
002328
300636
000676
603778
002687
002340
600279
002355
600007
688019
002098
603356
300605
000888
300149
600385
600261
603968
300043
600159
000681
002841
002315
601007
000416
300263
688066
000561
000551
688081
600110
300012
600518
603703
000616
300273
002583
300700
000975
600807
300492
603505
600278
002207
603806
600812
002322
002344
300423
688101
300498
600361
002922
002147
603360
300368
002695
002429
600754
002248
600807
600887
002500
600478
000659
002809
002196
601113
002029
002275
688116
000419
300789
600732
002225
603959
601688
002113
603596
300214
002216
000573
002790
600666
000089
000851
000599
002471
603477
000572
603755
000068
002465
000785
600571
600211
000850
000629
002733
600382
300439
300707
002077
600128
603033
603838
000060
600522
002777
000675
300045
600270
001914
300109
000584
002552
600476
002189
300533
002454
603277
600235
601001
300412
300170
603039
300580
300009
603058
600223
600936
300099
603136
002956
000505
300461
002241
600429
002395
002672
300629
600113
000019
300076
002684
600035
000753
300285
300559
000792
000931
601579
603839
000595
603123
600408
300705
601020
300255
300157
600048
600987
300299
002919
600085
600346
601882
002799
002538
688023
002432
002713
000651
603068
603936
002345
603050
603808
002177
002693
002618
002876
600673
000581
002802
300755
603586
603266
603879
000922
002232
000582
002229
002527
300341
300369
600760
601798
600077
603298
600383
002377
002509
603288
000981
688300
300123
000019
600323
603619
300455
002268
000955
300139
603863
002827
002499
002287
002684
601258
300481
600467
000037
002336
600461
603466
000766
600710
002689
600847
600220
300660
000828
300277
300086
002088
300515
603032
000885
002045
000415
000560
600849
002808
002882
300261
002942
300011
000795
603332
000158
600485
002338
601555
300456
603600
300795
600184
002297
000756
900933
601939
002865
603015
603041
002864
600299
002473
900948
200022
603900
002480
600539
601608
600575
600835
601111
600481
600856
600734
601198
603661
600744
300486
600713
600764
603833
600617
600567
601200
688123
002933
000822
603013
603020
002236
601006
002326
600131
603955
603668
600093
002785
601700
000513
002970
000502
000712
000816
200025
000014
600120
002973
603815
000546
300718
002359
300737
603608
603899
300021
600610
600728
300346
002253
002836
300017
601998
601992
002629
600171
000829
600187
600780
600435
600929
688358
300313
300349
600968
000973
600297
002382
000017
600231
300185
600516
000968
000511
603079
601717
601199
000150
603232
002210
600052
600705
300332
002076
603938
002413
603118
300673
688389
300647
000972
000830
603556
603229
300454
002309
200018
000836
000652
002271
002697
002212
000780
002384
000059
002065
601319
600796
300766
002562
603043
600641
601838
002261
002122
300488
002096
002198
603790
300786
300561
300581
002768
300808
300328
002866
603022
002427
600875
600495
000506
300155
002561
300280
000953
300153
300340
002366
900956
300504
000529
300319
300341
300084
300491
002808
300731
002755
000630
002015
600301
002739
600456
000678
002113
002203
600241
002937
600122
603328
002926
603279
603001
603220
000004
600386
000951
002172
603305
600687
603444
300806
000935
601999
600138
600302
000933
002743
300189
600293
300593
002607
300118
600680
600121
000020
300751
300390
000806
000572
603918
603186
900908
600510
002710
000877
600605
002278
300297
601991
600182
600090
002647
002845
600449
600316
600839
002317
002616
002622
601100
002184
600355
300090
603121
002604
600079
600057
600252
600560
002072
300383
000568
600095
000810
600480
600416
000869
002853
000407
600697
300519
600251
300317
600810
600900
600919
603980
002913
002437
000662
600724
600369
000504
000543
603709
600996
600692
600066
600018
603843
688399
300228
300260
603659
300031
600581
000732
300392
600832
601000
002453
000806
300004
002017
002935
300663
300770
300278
300371
300320
002312
600595
000066
600566
600490
300269
600991
600121
300659
603606
000538
300408
600690
300450
300487
600236
603128
600700
002728
200992
688030
300092
002217
000950
300143
300150
600979
688012
300685
300224
600640
600152
300356
600745
000797
002144
000726
000338
300810
600186
600188
601799
300116
600999
002510
000999
000001
300161
000868
300418
603883
000739
603228
600645
000563
002306
603323
000589
600909
600559
002304
300403
600320
002086
002891
300666
300310
601128
300198
000047
601678
002674
002120
000731
002782
600020
603518
000669
002333
300427
300144
600838
603999
600816
601966
002270
688258
601808
300040
600237
600758
002146
000550
002420
300007
600561
002479
601328
603787
600410
300586
600892
300444
000735
600735
300059
300294
300360
600545
603590
002640
000897
600165
688218
688089
300432
600340
900940
300460
603660
688196
000088
001965
000961
000981
000902
000013
300405
600615
002318
002478
002427
300722
600056
300365
600639
002313
603595
002900
000509
000680
601011
600283
300633
600555
002095
600592
300343
000779
300721
002447
600003
300494
002066
002235
600300
300607
603919
601005
002331
002244
002411
200726
002898
002105
603133
603535
600767
002052
300665
600148
002260
300601
600874
000065
002948
601908
000886
603982
688363
300627
603588
600820
900930
603629
600785
300441
300275
000899
600889
300345
600000
000909
600714
002423
603558
600123
300446
300422
600053
600054
600192
603023
300590
688310
000923
002641
600255
300220
300245
002868
300525
000927
300213
601137
002459
300642
300335
601598
002450
000958
688198
603527
300727
002707
002153
600983
000403
002337
603303
603345
600217
000926
002600
002685
002550
600257
000042
300322
002033
600401
002064
600352
603566
002049
002200
600135
601869
600157
002418
600202
002745
600707
002732
002610
000531
200028
601881
600540
601766
300042
002363
002776
002446
002128
002343
002174
603933
300391
002393
002085
300420
300643
688202
000925
000980
002947
002747
601038
601101
002361
300730
600208
002526
603885
000405
600286
603887
002332
300071
300394
300438
000939
002083
603963
002756
603258
603103
600548
002187
000803
300325
600318
002189
000985
200017
600901
002194
002506
000998
600068
601975
600209
002960
001896
600390
300215
601558
002312
300282
601233
603530
600325
002134
600519
300002
603319
603989
603040
600572
300061
000151
600087
603663
002289
002738
300174
600498
000055
002805
300567
002330
002723
603825
000833
000788
002557
000671
002242
002286
002757
603578
601952
002342
603636
000155
000790
000553
600397
002373
300563
002093
000521
002742
000975
300449
300425
300513
002931
000708
000977
002858
603063
600475
002165
200541
300351
000532
300575
002014
600221
000031
603286
300531
300402
300268
000428
300064
603088
000635
600082
600825
300400
600681
002230
603066
002840
900905
600698
600487
688009
000659
300799
603776
000989
688299
000612
900957
000597
688368
601615
001696
002419
603789
000666
603708
002778
600287
002629
600630
000038
600195
600507
603031
600939
600673
002630
300082
600310
002906
002702
300376
603610
300543
002607
300502
002691
600238
002634
000611
600603
900935
002582
002529
601107
601595
002545
600455
300616
603665
300216
600238
603598
300003
603903
603628
600149
603278
300101
002877
603658
000826
000809
300248
603053
601003
300630
600773
600436
600843
600083
603098
300117
300134
002543
002837
300095
300217
300152
600686
600557
002306
002757
002779
600873
000938
600986
300125
002421
000952
002727
002003
000007
600191
002501
600868
300736
603618
002356
000709
300645
600291
600837
000752
300270
000799
600877
600405
603017
000971
002010
300317
300015
000758
600815
002051
000670
688010
600775
000530
600080
600506
300186
000524
300468
300350
603233
000912
600614
603139
002347
002209
002132
300381
600253
000908
603322
002961
300554
300599
600143
300188
600477
002971
002466
002024
000698
600537
002074
000048
002921
300426
600748
002645
600599
300604
002445
000809
002535
000821
002772
000536
000590
600959
002676
002829
000685
300206
002110
000024
300653
300036
600580
000062
002617
300380
002579
900929
002222
603269
300708
603188
002897
603160
600346
000911
600343
002469
603080
002444
600330
688022
300234
600876
601880
600618
002862
300062
600811
000778
601801
603326
002791
603990
002795
603890
300177
600689
600348
000890
600533
300506
300293
000939
002311
000660
002726
002401
600116
002219
601069
300023
000028
601636
600387
300241
002352
000967
200037
000528
600712
000901
300032
600163
002214
002487
600088
002188
603096
002056
300628
300552
603889
300016
603967
000541
002594
300100
600359
600094
300121
300344
601886
603189
002104
002416
300377
300316
000905
002251
000838
300508
600500
600460
600706
300701
603090
002390
002040
300151
000420
603012
900951
600233
002041
002305
002857
600928
300587
000693
300126
601872
600038
300312
000045
200418
300724
600502
900906
600482
300137
600774
601298
300115
603331
000503
002428
600596
002075
300602
600027
002112
002504
600740
688033
600469
600602
002649
603315
000011
601901
002601
002512
000594
002092
002140
603158
002391
603393
603993
300480
002719
300638
000600
900915
603906
002460
600676
300013
600609
000755
600759
603131
600196
600168
601068
600158
600385
000157
002620
300694
002766
603637
000533
300202
000010
002734
002800
300226
603699
600696
688078
600350
002048
000966
002123
300302
300732
002292
600601
002380
603580
600619
002655
603456
600656
002434
603308
300196
600275
002021
300296
600011
603106
603045
600396
002958
600720
000629
002089
002161
300362
002365
600078
300407
002116
000430
900941
002824
600600
002178
603786
000686
600814
300047
002815
600379
002680
002518
600438
002272
002168
600307
600133
603648
601016
603739
600406
601188
000831
600577
200429
600658
300517
603519
300749
002499
300570
002022
688333
603488
600272
000620
000811
300298
300262
300181
603706
300072
002044
603115
603086
603768
603077
300637
300632
600518
601166
603823
600309
002678
300452
300760
600823
600917
600160
300474
002008
603508
600885
600520
688388
300606
600329
000658
300752
002628
300457
600751
600579
603799
002835
002023
002637
300773
002813
600081
603613
600375
600062
000505
000720
900917
000603
601588
600998
002703
300352
300058
002149
002570
000708
000792
000426
000166
600620
603067
002796
002004
600966
002746
600750
002205
600962
603707
002642
603421
300793
002544
002362
603256
300024
002593
300361
002069
300301
603758
002604
603458
300738
300163
600051
600415
000777
603559
000765
300761
300303
000404
002752
300048
300253
300133
600818
600215
600186
603915
000820
601860
603688
002803
600858
688288
300240
002461
603126
600872
000715
300406
600783
002692
000016
002060
300534
002627
900926
000036
002838
300735
200986
002245
600721
603520
002595
600403
603029
000796
200869
603009
000032
002417
300046
600190
600333
002488
002677
603985
300655
300532
600903
002489
002508
002114
300526
000415
002818
300286
002357
600336
603803
000936
600070
900922
002893
002059
603359
002530
002619
002812
600586
000695
300541
300516
300690
688099
300385
002351
300386
002586
002067
600633
002181
002231
600360
603898
603223
002167
300686
000006
300715
603156
002336
000898
002879
300757
000518
000655
603633
002364
900901
601127
600663
603036
300520
002302
000517
200016
688006
300164
300404
002542
002585
601169
600551
600149
601949
600834
603177
603085
002316
000760
300250
601996
600155
601599
600882
300625
002852
300113
002032
600888
600234
603992
600366
601222
002925
600891
300205
002443
000510
688001
601211
603567
300057
002592
002310
300239
600381
300096
600418
002965
603000
000556
603656
688025
002387
601028
002117
000022
300242
603681
603076
600512
600423
600613
002400
300359
002445
300289
000972
002576
603083
603728
300743
000564
300768
600037
600505
300511
002226
600585
600558
600169
600737
300080
000780
603197
603689
002951
300038
603196
603311
300662
000552
000895
600590
603329
600976
002316
002859
000782
300393
603679
603339
300056
002498
002554
002848
600992
600446
200413
002472
601177
000585
603301
600172
600071
000040
002737
300295
300022
600591
002082
300258
300696
300120
300440
600850
200505
300272
603991
000856
603267
000029
603180
600804
000813
002806
300442
000701
300052
002020
603179
600091
300609
603338
600798
000960
200613
601268
002190
300453
300229
900913
002442
002170
000605
002892
200054
300539
002765
603779
600628
002402
603055
601616
000571
300169
000919
002468
300176
002477
601668
600752
002717
002215
600908
300342
600634
600508
300551
600661
002208
002781
300792
600358
300088
002405
300530
002621
000021
002034
002832
601212
002917
002476
601113
300573
600222
002780
600749
603333
002193
002440
000913
601366
603056
000876
002129
300256
600513
000498
002869
600468
002300
002136
600894
002063
600760
000301
600884
600074
600995
600709
000615
300326
000400
002307
600084
600776
300396
600684
600009
600723
603987
002192
600271
603602
300158
300523
600389
600726
300791
002321
200056
600826
600039
000858
002553
601519
300626
300218
002639
603399
600331
601216
603318
000818
601229
002872
002912
000983
300363
600263
600651
603696
002749
300788
002711
002972
688369
600029
002887
002816
002011
300208
002647
601969
002441
000650
600497
600072
000665
300130
002329
000156
000878
600614
002147
300595
000520
600206
603516
600199
300020
000070
600525
300398
600362
603183
603011
000504
300397
300664
002709
688018
002600
300098
688002
002826
600967
000637
600100
300510
603167
603501
000027
000609
601567
600118
002615
603528
300035
600463
002354
603515
300443
002438
900947
600989
002638
002070
300141
600736
002035
600860
300428
900903
000422
000779
603956
200058
601368
603986
601858
603997
603081
600604
000711
002712
601628
603316
600829
000768
600767
000903
002263
600589
300437
002299
600296
002669
300067
603185
600624
600608
300304
600099
688122
600466
601163
000571
002158
603386
300514
300549
000889
603587
300227
603113
600644
000897
002565
300267
300114
300679
000932
000545
002185
300477
000627
601619
300783
603368
300619
000632
600380
600870
200011
603605
300180
002005
002420
603187
002073
000625
601138
300191
300323
002903
002657
603908
600489
000683
601238
600266
600701
000833
000979
000965
600177
600353
900942
002486
603348
000610
603729
600303
601225
300566
002533
002631
600701
300401
002938
300592
600782
200053
603798
601106
000737
002889
300142
000589
002698
300419
603377
601500
600766
002770
600704
601916
002861
600965
300475
002589
600322
002350
688039
000798
300479
603871
600496
000990
000537
300427
000519
603881
300577
300672
601377
002959
600152
600207
600661
002367
600409
603669
600764
600863
000978
002036
000626
603998
300162
300485
000815
000971
603028
601258
300249
300246
002314
000555
603339
000153
000848
600025
600742
603208
300557
002760
603388
601106
600021
000413
002038
300197
002126
900938
002383
000012
600061
603021
000716
000823
002758
300529
600631
002349
603203
600205
300367
601208
002308
600108
000558
300790
603800
300564
600662
603236
002156
600563
200761
300691
300358
300339
603896
601611
002467
600161
300283
200725
601928
200168
600312
002787
600523
002246
002179
600378
603117
300104
688199
603639
900912
603100
002860
600115
600511
000691
603037
900909
300503
300324
002439
601326
300585
688021
603766
002690
600232
002109
900907
300354
600400
002295
002492
601607
002289
002424
600363
000410
000595
002811
603297
000707
603398
